Version 0.9.7
5
 4 10 175 77 128 0 1
 5 80 400 206 81 2 2
 0 110 110 877 276 8 3
 3 226 33 203 58 140 4
 1 537 22 206 81 151 5
 0
20
 16711680 5 71 189 71 189 71 124 71 124 163 124 163 124 0 1 0 3
 16711680 5 163 137 163 137 96 137 96 249 71 249 71 249 0 3 0 1
 16711680 5 237 70 237 70 228 70 228 70 228 137 228 137 0 4 0 3
 16711680 5 71 288 71 288 71 358 71 358 163 358 163 358 0 1 0 3
 16711680 5 475 280 475 280 475 280 475 358 475 358 475 358 0 3 0 3
 16711680 5 488 124 488 124 488 33 488 33 552 33 552 33 0 3 0 5
 16711680 5 397 124 397 124 397 124 397 215 397 215 397 215 0 3 0 3
 16711680 5 254 124 254 124 254 124 254 215 254 215 254 215 0 3 0 3
 16711680 5 553 137 553 137 553 91 553 91 552 91 552 91 0 3 0 5
 16711680 5 605 280 605 280 605 280 605 358 605 358 605 358 0 3 0 3
 16711680 5 332 280 332 280 332 280 332 358 332 358 332 358 0 3 0 3
 16711680 5 254 280 254 280 254 543 582 543 582 59 593 59 0 3 0 5
 16711680 5 267 280 267 280 267 530 397 530 397 280 397 280 0 3 0 3
 16711680 5 612 59 621 59 621 517 280 517 280 280 280 280 0 5 0 3
 16711680 5 514 124 514 124 514 124 514 215 514 215 514 215 0 3 0 3
 16711680 5 592 280 592 280 592 280 592 358 592 358 592 358 0 3 0 3
 16711680 5 293 280 293 280 293 478 410 478 410 280 410 280 0 3 0 3
 16711680 5 423 280 423 280 423 429 514 429 514 280 514 280 0 3 0 3
 16711680 5 631 59 640 59 640 432 527 432 527 280 527 280 0 5 0 3
 16711680 5 540 280 540 274 501 274 501 77 412 77 412 77 0 3 0 4
3
 7008 1 14 391 228 5 0 0 0 3
 7032 1 14 508 228 5 0 0 0 3
 7004 1 14 248 228 5 0 0 0 3
